1 0.410145 0.804642 0.104348 0.108317
1 0.581884 0.716634 0.065217 0.071567
1 0.643478 0.755319 0.063768 0.090909
1 0.671739 0.859768 0.042029 0.059961
1 0.215217 0.707930 0.030435 0.042553
1 0.347826 0.677950 0.043478 0.102515
1 0.281884 0.653772 0.033333 0.096712
1 0.307246 0.589942 0.031884 0.046422
1 0.780435 0.638298 0.218841 0.259188
1 0.880435 0.467118 0.044928 0.059961
1 0.652174 0.355899 0.052174 0.058027
1 0.641304 0.450677 0.044928 0.050290
1 0.546377 0.444874 0.098551 0.239845
1 0.429710 0.620890 0.050725 0.069632
1 0.431159 0.493230 0.042029 0.104449
1 0.389130 0.517408 0.036232 0.102515
1 0.213043 0.568665 0.043478 0.061896
1 0.129710 0.519342 0.044928 0.094778
1 0.157971 0.366538 0.078261 0.141199
1 0.182609 0.227273 0.034783 0.036750
1 0.056522 0.313346 0.078261 0.123791
1 0.328986 0.147002 0.092754 0.147002
0 0.768841 0.437137 0.027536 0.104449
0 0.406522 0.729207 0.018841 0.065764
0 0.570290 0.239845 0.030435 0.127660
0 0.202899 0.141199 0.046377 0.088975
0 0.395652 0.220503 0.031884 0.046422
0 0.399275 0.287234 0.036232 0.044487
1 0.282609 0.527079 0.028986 0.048356
0 0.226087 0.446809 0.020290 0.119923
