1 0.069753 0.428704 0.137037 0.209259
1 0.405556 0.649074 0.127160 0.401852
1 0.503704 0.565741 0.081481 0.283333
1 0.621605 0.604630 0.151852 0.294444
1 0.709259 0.454630 0.127160 0.179630
1 0.910494 0.860185 0.132099 0.187037
1 0.845062 0.387037 0.161728 0.255556
1 0.708642 0.075926 0.125926 0.148148
1 0.132716 0.613889 0.070370 0.194444
1 0.246296 0.451852 0.082716 0.177778
0 0.656173 0.219444 0.025926 0.179630
0 0.588272 0.353704 0.028395 0.118519
1 0.576543 0.847222 0.093827 0.083333
0 0.695679 0.286111 0.045679 0.112963
