1 0.779000 0.712894 0.370000 0.319340
1 0.911000 0.276612 0.174000 0.205397
1 0.752000 0.074963 0.184000 0.146927
1 0.457000 0.326837 0.222000 0.365817
1 0.623000 0.293103 0.126000 0.244378
1 0.737000 0.220390 0.134000 0.125937
1 0.243000 0.817841 0.270000 0.364318
1 0.382000 0.865067 0.192000 0.269865
1 0.034000 0.694903 0.064000 0.088456
0 0.482000 0.074213 0.052000 0.049475
0 0.906000 0.079460 0.076000 0.143928
0 0.760000 0.461019 0.032000 0.181409
0 0.289000 0.559970 0.054000 0.073463
0 0.633000 0.094453 0.046000 0.125937
1 0.266000 0.236132 0.160000 0.052474
