1 0.037037 0.61769 0.0259259 0.0394737 0.441217
1 0.0458333 0.616959 0.0527778 0.0467836 0.722129
1 0.970833 0.768275 0.0583333 0.171053 0.738683
0 0.819907 0.0650585 0.0361111 0.127193 0.790607
1 0.0203704 0.33845 0.0259259 0.0687134 0.812034
1 0.0273148 0.711257 0.0509259 0.0687134 0.835949
0 0.331481 0.0584795 0.0351852 0.111111 0.863303
1 0.517593 0.614035 0.872222 0.649123 0.873523
1 0.922685 0.398392 0.141667 0.121345 0.922212
1 0.622685 0.211257 0.297222 0.366959 0.923604
1 0.859259 0.267544 0.12037 0.160819 0.945053
