0 0.472 0.0802099 0.04 0.0524738 0.310395
1 0.241 0.244378 0.098 0.0449775 0.311612
1 0.598 0.343328 0.14 0.116942 0.323852
1 0.52 0.209145 0.108 0.142429 0.367903
0 0.549 0.0449775 0.038 0.089955 0.404499
0 0.762 0.457271 0.044 0.203898 0.405348
1 0.324 0.804348 0.112 0.211394 0.432548
1 0.418 0.206147 0.104 0.115442 0.432921
0 0.29 0.565967 0.032 0.0644678 0.438524
1 0.781 0.107946 0.134 0.212894 0.45722
0 0.484 0.0749625 0.048 0.041979 0.481291
1 0.45 0.36057 0.216 0.325337 0.542768
1 0.652 0.236132 0.14 0.133433 0.545131
1 0.033 0.696402 0.066 0.0854573 0.552374
1 0.721 0.229385 0.146 0.122939 0.582862
1 0.48 0.236882 0.148 0.191904 0.58287
1 0.412 0.413043 0.116 0.181409 0.597884
0 0.294 0.561469 0.048 0.0824588 0.626819
1 0.611 0.285607 0.142 0.217391 0.651914
1 0.327 0.712144 0.114 0.089955 0.689921
1 0.679 0.713643 0.158 0.278861 0.700768
1 0.412 0.849325 0.128 0.262369 0.703144
1 0.759 0.0652174 0.178 0.130435 0.753246
1 0.168 0.789355 0.132 0.271364 0.772566
1 0.931 0.278111 0.138 0.190405 0.848697
1 0.861 0.743628 0.218 0.272864 0.860574
