1 0.119531 0.223958 0.235937 0.239583
1 0.071875 0.513542 0.137500 0.168750
1 0.317969 0.637500 0.226562 0.333333
1 0.649219 0.478125 0.179688 0.427083
1 0.861719 0.685417 0.182812 0.120833
1 0.532813 0.795833 0.193750 0.166667
0 0.325781 0.319792 0.032813 0.293750
0 0.485938 0.639583 0.046875 0.104167
0 0.790625 0.291667 0.034375 0.125000
0 0.468750 0.034375 0.040625 0.039583
1 0.757031 0.178125 0.198437 0.147917
1 0.776563 0.429167 0.118750 0.108333
0 0.817969 0.535417 0.023438 0.054167
0 0.121875 0.357292 0.043750 0.027083
