1 0.087500 0.334259 0.059375 0.107407
1 0.970052 0.932407 0.059896 0.133333
1 0.222917 0.777778 0.181250 0.435185
1 0.395313 0.780093 0.164583 0.439815
1 0.532292 0.933796 0.138542 0.132407
1 0.250260 0.507407 0.043229 0.074074
1 0.359635 0.329167 0.146354 0.495370
1 0.515104 0.253704 0.138542 0.329630
1 0.428906 0.523611 0.090104 0.137963
1 0.584115 0.240278 0.042188 0.087963
1 0.641927 0.180556 0.085938 0.240741
1 0.876302 0.351389 0.246354 0.332407
1 0.743750 0.215741 0.042708 0.074074
1 0.662760 0.868981 0.048438 0.063889
1 0.696615 0.957407 0.067187 0.075926
1 0.515625 0.612500 0.030208 0.093519
1 0.555729 0.579630 0.043750 0.083333
1 0.624479 0.744907 0.033333 0.089815
1 0.538802 0.756481 0.036979 0.081481
1 0.819792 0.619444 0.066667 0.192593
1 0.923698 0.715278 0.041146 0.067593
1 0.770312 0.723148 0.033333 0.081481
1 0.831510 0.818056 0.043229 0.117593
1 0.867708 0.106481 0.098958 0.144444
1 0.948698 0.044444 0.095312 0.087037
1 0.489323 0.763889 0.040104 0.122222
1 0.016146 0.447222 0.031250 0.248148
1 0.579167 0.666667 0.042708 0.074074
0 0.230208 0.445833 0.029167 0.195370
0 0.440885 0.294444 0.022396 0.314815
0 0.285417 0.470370 0.019792 0.205556
0 0.829688 0.043056 0.012500 0.076852
0 0.575260 0.081019 0.017188 0.130556
0 0.023958 0.205556 0.020833 0.122222
