1 0.377344 0.513542 0.073438 0.075000
1 0.520312 0.300521 0.103125 0.055208
1 0.332813 0.291667 0.103125 0.087500
1 0.593750 0.443750 0.084375 0.054167
1 0.832031 0.653125 0.073438 0.081250
1 0.911719 0.664062 0.048438 0.071875
1 0.717969 0.795312 0.095312 0.069792
1 0.281250 0.657292 0.125000 0.112500
1 0.451562 0.942708 0.165625 0.064583
1 0.692187 0.395313 0.050000 0.080208
1 0.181250 0.401042 0.081250 0.093750
1 0.503906 0.188021 0.067187 0.063542
1 0.272656 0.407813 0.079687 0.051042
1 0.371875 0.792188 0.056250 0.082292
1 0.514062 0.820833 0.175000 0.060417
1 0.653125 0.225521 0.056250 0.109375
1 0.771875 0.863021 0.096875 0.084375
1 0.125781 0.175521 0.060937 0.061458
1 0.050781 0.317708 0.098437 0.066667
0 0.706250 0.744792 0.034375 0.056250
1 0.166406 0.978125 0.067187 0.043750
0 0.806250 0.596354 0.025000 0.040625
0 0.493750 0.891667 0.021875 0.029167
0 0.595313 0.373437 0.021875 0.038542
0 0.271094 0.356250 0.020313 0.050000
