1 0.654167 0.152381 0.091667 0.228571
1 0.777500 0.277381 0.065000 0.102381
1 0.316667 0.748810 0.063333 0.307143
1 0.323333 0.558333 0.106667 0.121429
1 0.676667 0.902381 0.096667 0.090476
1 0.720000 0.592857 0.060000 0.190476
0 0.256667 0.436905 0.033333 0.073810
0 0.307500 0.298810 0.048333 0.273810
0 0.465833 0.138095 0.031667 0.242857
0 0.617500 0.029762 0.051667 0.054762
0 0.560833 0.165476 0.061667 0.126190
0 0.463333 0.484524 0.056667 0.140476
0 0.640833 0.655952 0.068333 0.126190
0 0.735000 0.370238 0.016667 0.050000
0 0.545000 0.448810 0.046667 0.235714
