1 0.595745 0.913000 0.148936 0.174000
1 0.789894 0.862000 0.164894 0.184000
1 0.860372 0.716000 0.114362 0.092000
1 0.529255 0.634000 0.180851 0.100000
1 0.372340 0.756000 0.164894 0.148000
1 0.238032 0.725000 0.114362 0.218000
1 0.162234 0.737000 0.085106 0.206000
1 0.740691 0.430000 0.114362 0.116000
1 0.934840 0.314000 0.125000 0.116000
1 0.558511 0.401000 0.085106 0.050000
1 0.114362 0.149000 0.148936 0.106000
1 0.336436 0.119000 0.114362 0.146000
1 0.577128 0.054000 0.196809 0.084000
1 0.066489 0.612000 0.095745 0.136000
1 0.965426 0.745000 0.069149 0.166000
0 0.045213 0.494000 0.042553 0.068000
0 0.160904 0.601000 0.029255 0.138000
0 0.251330 0.609000 0.061170 0.142000
0 0.365691 0.606000 0.050532 0.140000
0 0.437500 0.544000 0.055851 0.036000
0 0.603723 0.804000 0.042553 0.136000
0 0.763298 0.760000 0.037234 0.108000
0 0.853723 0.620000 0.026596 0.116000
0 0.836436 0.246000 0.098404 0.040000
0 0.752660 0.293000 0.026596 0.058000
0 0.570479 0.328000 0.045213 0.068000
1 0.061170 0.053000 0.117021 0.078000
0 0.897606 0.223000 0.114362 0.038000
