1 0.106000 0.699706 0.148000 0.124816
1 0.229000 0.913363 0.138000 0.093979
1 0.279000 0.787078 0.094000 0.082232
1 0.435000 0.801028 0.110000 0.095448
1 0.535000 0.821586 0.074000 0.069016
1 0.781000 0.072687 0.142000 0.113069
1 0.718000 0.230543 0.136000 0.091043
1 0.640000 0.173275 0.116000 0.129222
1 0.724000 0.534508 0.100000 0.173275
1 0.666000 0.585169 0.128000 0.130690
1 0.592000 0.548458 0.088000 0.121880
1 0.534000 0.523495 0.100000 0.116006
1 0.488000 0.365639 0.132000 0.111601
1 0.313000 0.265786 0.226000 0.114537
0 0.393000 0.514684 0.062000 0.054332
0 0.663000 0.394273 0.034000 0.107195
0 0.595000 0.420705 0.026000 0.139501
0 0.215000 0.521292 0.154000 0.067548
0 0.737000 0.367841 0.042000 0.151248
0 0.693000 0.864170 0.054000 0.063142
