1 0.111000 0.312594 0.154000 0.223388
1 0.212000 0.582459 0.116000 0.220390
1 0.409000 0.388306 0.094000 0.131934
1 0.555000 0.373313 0.158000 0.176912
1 0.616000 0.540480 0.096000 0.100450
1 0.539000 0.056222 0.138000 0.109445
1 0.670000 0.083208 0.140000 0.163418
1 0.910000 0.274363 0.100000 0.119940
1 0.671000 0.305847 0.134000 0.245877
1 0.784000 0.358321 0.116000 0.185907
1 0.848000 0.504498 0.116000 0.115442
0 0.138000 0.137181 0.024000 0.121439
0 0.377000 0.250375 0.030000 0.170915
0 0.538000 0.243628 0.020000 0.058471
0 0.880000 0.164918 0.052000 0.092954
1 0.698000 0.562969 0.104000 0.133433
