1 0.034000 0.968000 0.065333 0.064000
1 0.165333 0.803000 0.088000 0.182000
1 0.338000 0.819000 0.129333 0.210000
1 0.438667 0.860000 0.061333 0.152000
1 0.598000 0.226000 0.124000 0.248000
1 0.854000 0.333000 0.116000 0.182000
1 0.450000 0.412000 0.153333 0.236000
1 0.359333 0.417000 0.129333 0.274000
1 0.189333 0.518000 0.077333 0.196000
1 0.398000 0.100000 0.126667 0.196000
1 0.744000 0.055000 0.130667 0.106000
1 0.958667 0.398000 0.082667 0.264000
0 0.008000 0.908000 0.013333 0.044000
0 0.347333 0.674000 0.014667 0.100000
0 0.221333 0.491000 0.037333 0.046000
0 0.466667 0.265000 0.037333 0.106000
0 0.430667 0.216000 0.104000 0.108000
