1 0.120313 0.212500 0.237500 0.258333
1 0.456250 0.181250 0.068750 0.187500
1 0.618750 0.315625 0.134375 0.152083
1 0.760156 0.197917 0.182812 0.100000
1 0.070312 0.478125 0.125000 0.106250
1 0.321094 0.601042 0.245312 0.202083
1 0.640625 0.489583 0.159375 0.137500
1 0.694531 0.642708 0.101562 0.114583
1 0.781250 0.431250 0.115625 0.112500
1 0.865625 0.675000 0.190625 0.125000
1 0.234375 0.796875 0.103125 0.110417
1 0.539062 0.793750 0.187500 0.179167
1 0.377344 0.945833 0.054688 0.079167
1 0.415625 0.858333 0.046875 0.087500
1 0.149219 0.653125 0.048438 0.052083
1 0.336719 0.765625 0.076563 0.093750
1 0.809375 0.118750 0.053125 0.058333
1 0.270313 0.886458 0.046875 0.056250
0 0.617188 0.183333 0.021875 0.100000
0 0.325000 0.371875 0.028125 0.122917
0 0.791406 0.300000 0.023438 0.091667
0 0.469531 0.035417 0.048438 0.037500
0 0.830469 0.562500 0.023438 0.062500
