1 0.778000 0.908271 0.136000 0.138346
1 0.595000 0.918797 0.158000 0.162406
1 0.377000 0.758647 0.174000 0.151880
1 0.238000 0.726316 0.108000 0.213534
1 0.153000 0.730075 0.082000 0.187970
1 0.064000 0.613534 0.076000 0.135338
1 0.012000 0.453383 0.020000 0.037594
1 0.094000 0.431579 0.052000 0.033083
1 0.506000 0.630827 0.136000 0.097744
1 0.854000 0.711278 0.128000 0.087218
1 0.968000 0.786466 0.064000 0.078195
1 0.982000 0.681955 0.028000 0.028571
1 0.605000 0.672180 0.034000 0.030075
1 0.741000 0.430075 0.118000 0.126316
1 0.558000 0.399248 0.072000 0.061654
1 0.937000 0.318797 0.118000 0.090226
1 0.951000 0.275940 0.098000 0.067669
1 0.319000 0.364662 0.182000 0.076692
1 0.088000 0.111278 0.172000 0.198496
1 0.369000 0.117293 0.174000 0.216541
1 0.597000 0.066165 0.274000 0.129323
1 0.873000 0.074436 0.086000 0.112782
1 0.953000 0.986466 0.094000 0.027068
1 0.800000 0.783459 0.044000 0.036090
0 0.051000 0.501504 0.026000 0.055639
0 0.166000 0.558647 0.024000 0.058647
0 0.263000 0.566917 0.034000 0.060150
0 0.370000 0.612030 0.048000 0.129323
0 0.606000 0.787970 0.036000 0.102256
0 0.756000 0.735338 0.044000 0.063158
0 0.856000 0.603008 0.028000 0.075188
0 0.752000 0.290226 0.028000 0.063158
0 0.568000 0.334586 0.040000 0.052632
0 0.866000 0.250376 0.068000 0.031579
0 0.891000 0.216541 0.082000 0.030075
0 0.359000 0.324812 0.054000 0.027068
0 0.450000 0.546617 0.048000 0.040602
